1.600000000000000000e+01
4.900000000000000000e+01
1.400000000000000000e+01
1.800000000000000000e+01
2.900000000000000000e+01
1.300000000000000000e+01
1.600000000000000000e+01
3.600000000000000000e+01
1.400000000000000000e+01
1.700000000000000000e+01
1.200000000000000000e+01
3.400000000000000000e+01
1.800000000000000000e+01
2.000000000000000000e+01
1.400000000000000000e+01
5.400000000000000000e+01
1.800000000000000000e+01
3.100000000000000000e+01
1.300000000000000000e+01
3.100000000000000000e+01
4.500000000000000000e+01
1.000000000000000000e+01
1.100000000000000000e+01
1.300000000000000000e+01
2.500000000000000000e+01
1.600000000000000000e+01
1.700000000000000000e+01
1.700000000000000000e+01
2.100000000000000000e+01
1.600000000000000000e+01
3.300000000000000000e+01
1.700000000000000000e+01
1.300000000000000000e+01
1.800000000000000000e+01
1.000000000000000000e+01
9.000000000000000000e+00
2.100000000000000000e+01
1.600000000000000000e+01
1.300000000000000000e+01
2.500000000000000000e+01
2.100000000000000000e+01
2.700000000000000000e+01
2.000000000000000000e+01
1.300000000000000000e+01
1.200000000000000000e+01
2.900000000000000000e+01
1.400000000000000000e+01
1.600000000000000000e+01
2.000000000000000000e+01
1.300000000000000000e+01
1.000000000000000000e+01
1.400000000000000000e+01
9.000000000000000000e+00
1.200000000000000000e+01
1.400000000000000000e+01
2.200000000000000000e+01
1.400000000000000000e+01
2.100000000000000000e+01
1.100000000000000000e+01
1.100000000000000000e+01
1.000000000000000000e+01
1.000000000000000000e+01
1.700000000000000000e+01
2.500000000000000000e+01
2.600000000000000000e+01
3.700000000000000000e+01
1.500000000000000000e+01
2.000000000000000000e+01
1.000000000000000000e+01
4.000000000000000000e+01
1.700000000000000000e+01
1.100000000000000000e+01
1.700000000000000000e+01
1.300000000000000000e+01
2.300000000000000000e+01
2.500000000000000000e+01
2.100000000000000000e+01
1.300000000000000000e+01
1.300000000000000000e+01
1.200000000000000000e+01
1.700000000000000000e+01
1.800000000000000000e+01
1.400000000000000000e+01
1.300000000000000000e+01
1.300000000000000000e+01
1.300000000000000000e+01
1.600000000000000000e+01
1.000000000000000000e+01
1.300000000000000000e+01
2.300000000000000000e+01
2.500000000000000000e+01
1.700000000000000000e+01
1.100000000000000000e+01
2.300000000000000000e+01
1.100000000000000000e+01
1.300000000000000000e+01
1.300000000000000000e+01
1.100000000000000000e+01
1.600000000000000000e+01
1.000000000000000000e+01
1.200000000000000000e+01
1.600000000000000000e+01
1.500000000000000000e+01
1.300000000000000000e+01
1.400000000000000000e+01
1.200000000000000000e+01
8.000000000000000000e+00
1.600000000000000000e+01
1.500000000000000000e+01
1.300000000000000000e+01
1.200000000000000000e+01
1.200000000000000000e+01
2.200000000000000000e+01
2.300000000000000000e+01
1.200000000000000000e+01
2.000000000000000000e+01
1.700000000000000000e+01
1.600000000000000000e+01
1.000000000000000000e+01
1.900000000000000000e+01
1.100000000000000000e+01
2.900000000000000000e+01
1.000000000000000000e+01
1.000000000000000000e+01
1.400000000000000000e+01
9.000000000000000000e+00
2.500000000000000000e+01
2.300000000000000000e+01
1.300000000000000000e+01
1.300000000000000000e+01
1.500000000000000000e+01
9.000000000000000000e+00
1.100000000000000000e+01
1.100000000000000000e+01
1.000000000000000000e+01
1.600000000000000000e+01
1.200000000000000000e+01
1.300000000000000000e+01
1.100000000000000000e+01
1.500000000000000000e+01
1.500000000000000000e+01
1.300000000000000000e+01
9.000000000000000000e+00
1.000000000000000000e+01
1.100000000000000000e+01
1.300000000000000000e+01
9.000000000000000000e+00
1.300000000000000000e+01
1.200000000000000000e+01
1.200000000000000000e+01
1.500000000000000000e+01
1.700000000000000000e+01
1.200000000000000000e+01
1.800000000000000000e+01
1.600000000000000000e+01
1.500000000000000000e+01
1.100000000000000000e+01
2.100000000000000000e+01
1.000000000000000000e+01
1.400000000000000000e+01
1.300000000000000000e+01
1.200000000000000000e+01
9.000000000000000000e+00
1.100000000000000000e+01
1.100000000000000000e+01
1.200000000000000000e+01
1.400000000000000000e+01
1.600000000000000000e+01
1.700000000000000000e+01
1.300000000000000000e+01
1.000000000000000000e+01
1.300000000000000000e+01
1.100000000000000000e+01
1.200000000000000000e+01
1.500000000000000000e+01
1.100000000000000000e+01
1.700000000000000000e+01
9.000000000000000000e+00
2.100000000000000000e+01
1.200000000000000000e+01
1.100000000000000000e+01
1.700000000000000000e+01
9.000000000000000000e+00
1.400000000000000000e+01
1.900000000000000000e+01
1.600000000000000000e+01
1.200000000000000000e+01
9.000000000000000000e+00
1.800000000000000000e+01
1.100000000000000000e+01
9.000000000000000000e+00
1.400000000000000000e+01
1.800000000000000000e+01
9.000000000000000000e+00
1.100000000000000000e+01
1.200000000000000000e+01
1.300000000000000000e+01
1.200000000000000000e+01
1.100000000000000000e+01
8.000000000000000000e+00
1.400000000000000000e+01
1.400000000000000000e+01
8.000000000000000000e+00
1.200000000000000000e+01
1.000000000000000000e+01
8.000000000000000000e+00
2.400000000000000000e+01
8.000000000000000000e+00
1.100000000000000000e+01
1.200000000000000000e+01
9.000000000000000000e+00
1.200000000000000000e+01
9.000000000000000000e+00
9.000000000000000000e+00
1.000000000000000000e+01
1.100000000000000000e+01
1.400000000000000000e+01
1.000000000000000000e+01
8.000000000000000000e+00
1.000000000000000000e+01
9.000000000000000000e+00
1.100000000000000000e+01
1.000000000000000000e+01
1.900000000000000000e+01
1.000000000000000000e+01
1.100000000000000000e+01
1.000000000000000000e+01
9.000000000000000000e+00
1.300000000000000000e+01
1.200000000000000000e+01
1.000000000000000000e+01
1.100000000000000000e+01
1.000000000000000000e+01
1.100000000000000000e+01
9.000000000000000000e+00
1.700000000000000000e+01
1.100000000000000000e+01
1.200000000000000000e+01
1.000000000000000000e+01
1.200000000000000000e+01
1.500000000000000000e+01
1.500000000000000000e+01
1.000000000000000000e+01
9.000000000000000000e+00
9.000000000000000000e+00
1.000000000000000000e+01
9.000000000000000000e+00
1.500000000000000000e+01
1.100000000000000000e+01
9.000000000000000000e+00
1.000000000000000000e+01
1.100000000000000000e+01
1.100000000000000000e+01
1.300000000000000000e+01
1.900000000000000000e+01
1.000000000000000000e+01
1.600000000000000000e+01
1.100000000000000000e+01
1.000000000000000000e+01
1.100000000000000000e+01
1.000000000000000000e+01
1.000000000000000000e+01
9.000000000000000000e+00
9.000000000000000000e+00
9.000000000000000000e+00
1.000000000000000000e+01
1.200000000000000000e+01
1.100000000000000000e+01
1.100000000000000000e+01
2.500000000000000000e+01
1.000000000000000000e+01
1.200000000000000000e+01
1.100000000000000000e+01
1.000000000000000000e+01
1.000000000000000000e+01
1.300000000000000000e+01
1.000000000000000000e+01
1.000000000000000000e+01
1.000000000000000000e+01
1.200000000000000000e+01
1.000000000000000000e+01
1.300000000000000000e+01
8.000000000000000000e+00
1.100000000000000000e+01
9.000000000000000000e+00
1.000000000000000000e+01
1.100000000000000000e+01
1.000000000000000000e+01
1.200000000000000000e+01
9.000000000000000000e+00
9.000000000000000000e+00
1.300000000000000000e+01
1.500000000000000000e+01
1.000000000000000000e+01
1.600000000000000000e+01
1.300000000000000000e+01
9.000000000000000000e+00
9.000000000000000000e+00
9.000000000000000000e+00
1.700000000000000000e+01
1.000000000000000000e+01
1.000000000000000000e+01
1.200000000000000000e+01
9.000000000000000000e+00
1.000000000000000000e+01
1.200000000000000000e+01
9.000000000000000000e+00
9.000000000000000000e+00
1.100000000000000000e+01
1.300000000000000000e+01
1.000000000000000000e+01
1.100000000000000000e+01
9.000000000000000000e+00
1.200000000000000000e+01
1.000000000000000000e+01
1.100000000000000000e+01
9.000000000000000000e+00
1.000000000000000000e+01
9.000000000000000000e+00
1.100000000000000000e+01
1.200000000000000000e+01
1.400000000000000000e+01
1.000000000000000000e+01
1.000000000000000000e+01
9.000000000000000000e+00
9.000000000000000000e+00
1.200000000000000000e+01
1.000000000000000000e+01
1.300000000000000000e+01
8.000000000000000000e+00
1.000000000000000000e+01
1.600000000000000000e+01
1.100000000000000000e+01
9.000000000000000000e+00
8.000000000000000000e+00
1.000000000000000000e+01
9.000000000000000000e+00
1.100000000000000000e+01
1.100000000000000000e+01
1.000000000000000000e+01
1.000000000000000000e+01
1.300000000000000000e+01
1.100000000000000000e+01
9.000000000000000000e+00
1.200000000000000000e+01
1.000000000000000000e+01
1.100000000000000000e+01
1.100000000000000000e+01
1.300000000000000000e+01
1.100000000000000000e+01
9.000000000000000000e+00
1.000000000000000000e+01
9.000000000000000000e+00
1.000000000000000000e+01
9.000000000000000000e+00
1.400000000000000000e+01
1.000000000000000000e+01
1.000000000000000000e+01
9.000000000000000000e+00
1.000000000000000000e+01
1.100000000000000000e+01
1.100000000000000000e+01
1.000000000000000000e+01
9.000000000000000000e+00
1.100000000000000000e+01
1.100000000000000000e+01
1.200000000000000000e+01
9.000000000000000000e+00
1.000000000000000000e+01
1.000000000000000000e+01
1.000000000000000000e+01
8.000000000000000000e+00
8.000000000000000000e+00
1.000000000000000000e+01
1.200000000000000000e+01
1.100000000000000000e+01
1.100000000000000000e+01
9.000000000000000000e+00
1.000000000000000000e+01
8.000000000000000000e+00
9.000000000000000000e+00
8.000000000000000000e+00
1.100000000000000000e+01
9.000000000000000000e+00
9.000000000000000000e+00
1.000000000000000000e+01
1.000000000000000000e+01
1.000000000000000000e+01
9.000000000000000000e+00
1.300000000000000000e+01
1.100000000000000000e+01
9.000000000000000000e+00
1.000000000000000000e+01
1.200000000000000000e+01
1.200000000000000000e+01
9.000000000000000000e+00
1.300000000000000000e+01
1.100000000000000000e+01
9.000000000000000000e+00
1.200000000000000000e+01
8.000000000000000000e+00
9.000000000000000000e+00
9.000000000000000000e+00
9.000000000000000000e+00
1.000000000000000000e+01
9.000000000000000000e+00
1.000000000000000000e+01
1.000000000000000000e+01
1.000000000000000000e+01
1.000000000000000000e+01
8.000000000000000000e+00
1.000000000000000000e+01
1.000000000000000000e+01
9.000000000000000000e+00
1.200000000000000000e+01
9.000000000000000000e+00
9.000000000000000000e+00
9.000000000000000000e+00
1.000000000000000000e+01
1.100000000000000000e+01
1.300000000000000000e+01
9.000000000000000000e+00
1.000000000000000000e+01
8.000000000000000000e+00
9.000000000000000000e+00
1.600000000000000000e+01
1.100000000000000000e+01
9.000000000000000000e+00
1.000000000000000000e+01
9.000000000000000000e+00
1.000000000000000000e+01
1.000000000000000000e+01
1.000000000000000000e+01
1.000000000000000000e+01
9.000000000000000000e+00
1.000000000000000000e+01
1.000000000000000000e+01
1.200000000000000000e+01
8.000000000000000000e+00
9.000000000000000000e+00
8.000000000000000000e+00
1.100000000000000000e+01
8.000000000000000000e+00
1.000000000000000000e+01
9.000000000000000000e+00
1.000000000000000000e+01
1.000000000000000000e+01
8.000000000000000000e+00
9.000000000000000000e+00
1.200000000000000000e+01
8.000000000000000000e+00
9.000000000000000000e+00
1.000000000000000000e+01
1.000000000000000000e+01
1.200000000000000000e+01
9.000000000000000000e+00
1.000000000000000000e+01
9.000000000000000000e+00
9.000000000000000000e+00
1.000000000000000000e+01
9.000000000000000000e+00
1.000000000000000000e+01
1.000000000000000000e+01
1.000000000000000000e+01
1.000000000000000000e+01
9.000000000000000000e+00
8.000000000000000000e+00
9.000000000000000000e+00
1.000000000000000000e+01
1.100000000000000000e+01
1.000000000000000000e+01
1.100000000000000000e+01
1.000000000000000000e+01
1.100000000000000000e+01
1.100000000000000000e+01
1.100000000000000000e+01
8.000000000000000000e+00
9.000000000000000000e+00
1.100000000000000000e+01
2.300000000000000000e+01
8.000000000000000000e+00
1.100000000000000000e+01
8.000000000000000000e+00
1.000000000000000000e+01
9.000000000000000000e+00
8.000000000000000000e+00
9.000000000000000000e+00
1.100000000000000000e+01
8.000000000000000000e+00
8.000000000000000000e+00
1.300000000000000000e+01
1.100000000000000000e+01
9.000000000000000000e+00
9.000000000000000000e+00
9.000000000000000000e+00
9.000000000000000000e+00
1.000000000000000000e+01
8.000000000000000000e+00
9.000000000000000000e+00
1.000000000000000000e+01
1.000000000000000000e+01
9.000000000000000000e+00
1.100000000000000000e+01
1.000000000000000000e+01
1.000000000000000000e+01
9.000000000000000000e+00
1.000000000000000000e+01
1.000000000000000000e+01
1.200000000000000000e+01
9.000000000000000000e+00
1.100000000000000000e+01
1.000000000000000000e+01
8.000000000000000000e+00
1.000000000000000000e+01
1.000000000000000000e+01
1.000000000000000000e+01
9.000000000000000000e+00
1.000000000000000000e+01
8.000000000000000000e+00
1.000000000000000000e+01
1.000000000000000000e+01
9.000000000000000000e+00
1.000000000000000000e+01
9.000000000000000000e+00
9.000000000000000000e+00
8.000000000000000000e+00
1.000000000000000000e+01
9.000000000000000000e+00
1.000000000000000000e+01
8.000000000000000000e+00
8.000000000000000000e+00
1.000000000000000000e+01
1.200000000000000000e+01
1.000000000000000000e+01
9.000000000000000000e+00
1.000000000000000000e+01
9.000000000000000000e+00
1.400000000000000000e+01
1.000000000000000000e+01
9.000000000000000000e+00
9.000000000000000000e+00
1.000000000000000000e+01
1.100000000000000000e+01
8.000000000000000000e+00
1.000000000000000000e+01
2.500000000000000000e+01
1.000000000000000000e+01
1.100000000000000000e+01
9.000000000000000000e+00
9.000000000000000000e+00
1.000000000000000000e+01
1.000000000000000000e+01
8.000000000000000000e+00
1.100000000000000000e+01
1.200000000000000000e+01
1.000000000000000000e+01
9.000000000000000000e+00
1.000000000000000000e+01
1.000000000000000000e+01
9.000000000000000000e+00
1.000000000000000000e+01
9.000000000000000000e+00
1.100000000000000000e+01
8.000000000000000000e+00
9.000000000000000000e+00
9.000000000000000000e+00
1.000000000000000000e+01
1.000000000000000000e+01
8.000000000000000000e+00
4.200000000000000000e+01
9.000000000000000000e+00
9.000000000000000000e+00
8.000000000000000000e+00
1.000000000000000000e+01
1.100000000000000000e+01
1.000000000000000000e+01
1.000000000000000000e+01
1.100000000000000000e+01
8.000000000000000000e+00
1.000000000000000000e+01
9.000000000000000000e+00
1.000000000000000000e+01
9.000000000000000000e+00
8.000000000000000000e+00
9.000000000000000000e+00
9.000000000000000000e+00
9.000000000000000000e+00
9.000000000000000000e+00
9.000000000000000000e+00
9.000000000000000000e+00
1.000000000000000000e+01
1.000000000000000000e+01
1.000000000000000000e+01
9.000000000000000000e+00
1.000000000000000000e+01
9.000000000000000000e+00
1.000000000000000000e+01
9.000000000000000000e+00
1.000000000000000000e+01
8.000000000000000000e+00
1.000000000000000000e+01
8.000000000000000000e+00
1.000000000000000000e+01
1.000000000000000000e+01
1.000000000000000000e+01
1.000000000000000000e+01
1.000000000000000000e+01
1.000000000000000000e+01
8.000000000000000000e+00
1.000000000000000000e+01
9.000000000000000000e+00
8.000000000000000000e+00
1.100000000000000000e+01
9.000000000000000000e+00
1.000000000000000000e+01
1.000000000000000000e+01
8.000000000000000000e+00
8.000000000000000000e+00
9.000000000000000000e+00
9.000000000000000000e+00
1.000000000000000000e+01
1.000000000000000000e+01
1.100000000000000000e+01
8.000000000000000000e+00
1.000000000000000000e+01
9.000000000000000000e+00
1.100000000000000000e+01
1.000000000000000000e+01
1.100000000000000000e+01
8.000000000000000000e+00
1.000000000000000000e+01
9.000000000000000000e+00
1.000000000000000000e+01
1.000000000000000000e+01
8.000000000000000000e+00
9.000000000000000000e+00
1.000000000000000000e+01
9.000000000000000000e+00
9.000000000000000000e+00
9.000000000000000000e+00
1.000000000000000000e+01
9.000000000000000000e+00
9.000000000000000000e+00
1.000000000000000000e+01
9.000000000000000000e+00
1.000000000000000000e+01
1.000000000000000000e+01
9.000000000000000000e+00
8.000000000000000000e+00
1.000000000000000000e+01
9.000000000000000000e+00
1.000000000000000000e+01
9.000000000000000000e+00
1.000000000000000000e+01
9.000000000000000000e+00
1.000000000000000000e+01
1.100000000000000000e+01
1.000000000000000000e+01
8.000000000000000000e+00
1.000000000000000000e+01
1.300000000000000000e+01
9.000000000000000000e+00
1.000000000000000000e+01
9.000000000000000000e+00
1.000000000000000000e+01
1.000000000000000000e+01
1.100000000000000000e+01
9.000000000000000000e+00
9.000000000000000000e+00
9.000000000000000000e+00
8.000000000000000000e+00
8.000000000000000000e+00
1.000000000000000000e+01
9.000000000000000000e+00
1.000000000000000000e+01
1.000000000000000000e+01
1.200000000000000000e+01
1.000000000000000000e+01
9.000000000000000000e+00
9.000000000000000000e+00
1.000000000000000000e+01
9.000000000000000000e+00
3.200000000000000000e+01
1.300000000000000000e+01
9.000000000000000000e+00
1.000000000000000000e+01
1.000000000000000000e+01
8.000000000000000000e+00
1.000000000000000000e+01
1.000000000000000000e+01
1.000000000000000000e+01
1.000000000000000000e+01
1.000000000000000000e+01
8.000000000000000000e+00
1.000000000000000000e+01
1.000000000000000000e+01
9.000000000000000000e+00
9.000000000000000000e+00
8.000000000000000000e+00
1.000000000000000000e+01
1.200000000000000000e+01
9.000000000000000000e+00
9.000000000000000000e+00
8.000000000000000000e+00
8.000000000000000000e+00
9.000000000000000000e+00
1.000000000000000000e+01
9.000000000000000000e+00
9.000000000000000000e+00
1.200000000000000000e+01
8.000000000000000000e+00
1.000000000000000000e+01
9.000000000000000000e+00
9.000000000000000000e+00
9.000000000000000000e+00
9.000000000000000000e+00
9.000000000000000000e+00
1.000000000000000000e+01
9.000000000000000000e+00
1.000000000000000000e+01
9.000000000000000000e+00
1.000000000000000000e+01
8.000000000000000000e+00
1.000000000000000000e+01
1.000000000000000000e+01
8.000000000000000000e+00
9.000000000000000000e+00
8.000000000000000000e+00
1.000000000000000000e+01
9.000000000000000000e+00
9.000000000000000000e+00
8.000000000000000000e+00
9.000000000000000000e+00
1.000000000000000000e+01
1.000000000000000000e+01
1.200000000000000000e+01
9.000000000000000000e+00
9.000000000000000000e+00
1.000000000000000000e+01
8.000000000000000000e+00
8.000000000000000000e+00
1.100000000000000000e+01
1.000000000000000000e+01
1.000000000000000000e+01
8.000000000000000000e+00
9.000000000000000000e+00
9.000000000000000000e+00
8.000000000000000000e+00
9.000000000000000000e+00
9.000000000000000000e+00
1.100000000000000000e+01
1.000000000000000000e+01
9.000000000000000000e+00
1.000000000000000000e+01
9.000000000000000000e+00
9.000000000000000000e+00
1.000000000000000000e+01
1.000000000000000000e+01
1.000000000000000000e+01
1.000000000000000000e+01
1.000000000000000000e+01
2.500000000000000000e+01
9.000000000000000000e+00
1.000000000000000000e+01
9.000000000000000000e+00
1.000000000000000000e+01
9.000000000000000000e+00
9.000000000000000000e+00
1.000000000000000000e+01
8.000000000000000000e+00
1.000000000000000000e+01
8.000000000000000000e+00
9.000000000000000000e+00
8.000000000000000000e+00
8.000000000000000000e+00
1.000000000000000000e+01
9.000000000000000000e+00
9.000000000000000000e+00
1.000000000000000000e+01
9.000000000000000000e+00
1.000000000000000000e+01
1.000000000000000000e+01
1.000000000000000000e+01
9.000000000000000000e+00
1.000000000000000000e+01
9.000000000000000000e+00
9.000000000000000000e+00
1.000000000000000000e+01
1.000000000000000000e+01
9.000000000000000000e+00
8.000000000000000000e+00
9.000000000000000000e+00
9.000000000000000000e+00
1.100000000000000000e+01
1.000000000000000000e+01
1.000000000000000000e+01
1.000000000000000000e+01
1.000000000000000000e+01
1.000000000000000000e+01
9.000000000000000000e+00
1.100000000000000000e+01
8.000000000000000000e+00
1.200000000000000000e+01
9.000000000000000000e+00
1.000000000000000000e+01
9.000000000000000000e+00
1.000000000000000000e+01
9.000000000000000000e+00
1.000000000000000000e+01
9.000000000000000000e+00
8.000000000000000000e+00
9.000000000000000000e+00
1.000000000000000000e+01
1.000000000000000000e+01
9.000000000000000000e+00
1.000000000000000000e+01
1.000000000000000000e+01
1.000000000000000000e+01
1.000000000000000000e+01
1.000000000000000000e+01
9.000000000000000000e+00
1.000000000000000000e+01
9.000000000000000000e+00
9.000000000000000000e+00
8.000000000000000000e+00
9.000000000000000000e+00
8.000000000000000000e+00
9.000000000000000000e+00
1.000000000000000000e+01
1.000000000000000000e+01
9.000000000000000000e+00
9.000000000000000000e+00
1.000000000000000000e+01
9.000000000000000000e+00
9.000000000000000000e+00
9.000000000000000000e+00
1.000000000000000000e+01
1.000000000000000000e+01
8.000000000000000000e+00
1.000000000000000000e+01
9.000000000000000000e+00
1.000000000000000000e+01
1.000000000000000000e+01
9.000000000000000000e+00
9.000000000000000000e+00
8.000000000000000000e+00
1.000000000000000000e+01
8.000000000000000000e+00
1.100000000000000000e+01
9.000000000000000000e+00
1.000000000000000000e+01
1.100000000000000000e+01
1.000000000000000000e+01
1.000000000000000000e+01
1.000000000000000000e+01
1.000000000000000000e+01
9.000000000000000000e+00
9.000000000000000000e+00
1.100000000000000000e+01
9.000000000000000000e+00
9.000000000000000000e+00
9.000000000000000000e+00
1.000000000000000000e+01
1.000000000000000000e+01
1.000000000000000000e+01
9.000000000000000000e+00
8.000000000000000000e+00
9.000000000000000000e+00
1.000000000000000000e+01
8.000000000000000000e+00
9.000000000000000000e+00
1.000000000000000000e+01
9.000000000000000000e+00
1.000000000000000000e+01
1.000000000000000000e+01
8.000000000000000000e+00
9.000000000000000000e+00
9.000000000000000000e+00
1.000000000000000000e+01
8.000000000000000000e+00
1.000000000000000000e+01
1.000000000000000000e+01
1.000000000000000000e+01
1.000000000000000000e+01
1.000000000000000000e+01
9.000000000000000000e+00
1.200000000000000000e+01
8.000000000000000000e+00
9.000000000000000000e+00
9.000000000000000000e+00
9.000000000000000000e+00
1.000000000000000000e+01
1.000000000000000000e+01
8.000000000000000000e+00
9.000000000000000000e+00
1.100000000000000000e+01
1.000000000000000000e+01
9.000000000000000000e+00
9.000000000000000000e+00
1.000000000000000000e+01
1.000000000000000000e+01
9.000000000000000000e+00
1.000000000000000000e+01
1.000000000000000000e+01
9.000000000000000000e+00
8.000000000000000000e+00
1.000000000000000000e+01
1.600000000000000000e+01
9.000000000000000000e+00
9.000000000000000000e+00
9.000000000000000000e+00
1.000000000000000000e+01
9.000000000000000000e+00
1.000000000000000000e+01
9.000000000000000000e+00
1.000000000000000000e+01
8.000000000000000000e+00
1.000000000000000000e+01
9.000000000000000000e+00
9.000000000000000000e+00
2.000000000000000000e+01
1.100000000000000000e+01
9.000000000000000000e+00
1.100000000000000000e+01
1.000000000000000000e+01
1.100000000000000000e+01
8.000000000000000000e+00
1.100000000000000000e+01
1.000000000000000000e+01
9.000000000000000000e+00
9.000000000000000000e+00
1.000000000000000000e+01
9.000000000000000000e+00
1.000000000000000000e+01
1.000000000000000000e+01
1.100000000000000000e+01
1.000000000000000000e+01
8.000000000000000000e+00
8.000000000000000000e+00
9.000000000000000000e+00
9.000000000000000000e+00
8.000000000000000000e+00
1.000000000000000000e+01
1.000000000000000000e+01
1.000000000000000000e+01
1.000000000000000000e+01
1.000000000000000000e+01
9.000000000000000000e+00
1.000000000000000000e+01
1.000000000000000000e+01
3.100000000000000000e+01
9.000000000000000000e+00
1.000000000000000000e+01
8.000000000000000000e+00
1.000000000000000000e+01
1.000000000000000000e+01
9.000000000000000000e+00
1.000000000000000000e+01
8.000000000000000000e+00
9.000000000000000000e+00
1.000000000000000000e+01
9.000000000000000000e+00
1.000000000000000000e+01
9.000000000000000000e+00
1.000000000000000000e+01
9.000000000000000000e+00
9.000000000000000000e+00
1.000000000000000000e+01
9.000000000000000000e+00
1.000000000000000000e+01
1.100000000000000000e+01
9.000000000000000000e+00
9.000000000000000000e+00
1.000000000000000000e+01
1.000000000000000000e+01
9.000000000000000000e+00
1.000000000000000000e+01
9.000000000000000000e+00
9.000000000000000000e+00
8.000000000000000000e+00
1.000000000000000000e+01
8.000000000000000000e+00
9.000000000000000000e+00
8.000000000000000000e+00
9.000000000000000000e+00
9.000000000000000000e+00
9.000000000000000000e+00
1.000000000000000000e+01
1.000000000000000000e+01
1.000000000000000000e+01
1.000000000000000000e+01
8.000000000000000000e+00
9.000000000000000000e+00
1.000000000000000000e+01
1.000000000000000000e+01
1.000000000000000000e+01
1.000000000000000000e+01
1.000000000000000000e+01
9.000000000000000000e+00
9.000000000000000000e+00
1.000000000000000000e+01
9.000000000000000000e+00
1.000000000000000000e+01
9.000000000000000000e+00
8.000000000000000000e+00
9.000000000000000000e+00
9.000000000000000000e+00
1.100000000000000000e+01
9.000000000000000000e+00
1.000000000000000000e+01
8.000000000000000000e+00
1.100000000000000000e+01
1.000000000000000000e+01
2.400000000000000000e+01
9.000000000000000000e+00
1.400000000000000000e+01
9.000000000000000000e+00
9.000000000000000000e+00
9.000000000000000000e+00
9.000000000000000000e+00
2.400000000000000000e+01
9.000000000000000000e+00
9.000000000000000000e+00
1.100000000000000000e+01
9.000000000000000000e+00
9.000000000000000000e+00
9.000000000000000000e+00
9.000000000000000000e+00
9.000000000000000000e+00
9.000000000000000000e+00
9.000000000000000000e+00
9.000000000000000000e+00
9.000000000000000000e+00
1.000000000000000000e+01
1.000000000000000000e+01
1.000000000000000000e+01
1.000000000000000000e+01
9.000000000000000000e+00
8.000000000000000000e+00
1.000000000000000000e+01
1.000000000000000000e+01
9.000000000000000000e+00
1.000000000000000000e+01
9.000000000000000000e+00
3.600000000000000000e+01
9.000000000000000000e+00
9.000000000000000000e+00
1.000000000000000000e+01
9.000000000000000000e+00
1.000000000000000000e+01
9.000000000000000000e+00
1.100000000000000000e+01
2.560000000000000000e+02
1.000000000000000000e+01
9.000000000000000000e+00
1.000000000000000000e+01
9.000000000000000000e+00
9.000000000000000000e+00
1.000000000000000000e+01
9.000000000000000000e+00
1.000000000000000000e+01
1.000000000000000000e+01
1.100000000000000000e+01
1.000000000000000000e+01
2.740000000000000000e+02
2.600000000000000000e+02
1.300000000000000000e+01
1.200000000000000000e+01
2.670000000000000000e+02
2.430000000000000000e+02
2.710000000000000000e+02
2.310000000000000000e+02
2.680000000000000000e+02
1.100000000000000000e+01
2.150000000000000000e+02
3.230000000000000000e+02
2.770000000000000000e+02
2.640000000000000000e+02
2.550000000000000000e+02
2.960000000000000000e+02
2.740000000000000000e+02
2.890000000000000000e+02
2.860000000000000000e+02
3.330000000000000000e+02
2.990000000000000000e+02
3.130000000000000000e+02
2.970000000000000000e+02
2.860000000000000000e+02
3.190000000000000000e+02
3.740000000000000000e+02
3.240000000000000000e+02
3.350000000000000000e+02
3.530000000000000000e+02
3.400000000000000000e+02
3.820000000000000000e+02
3.290000000000000000e+02
4.240000000000000000e+02
3.400000000000000000e+02
3.780000000000000000e+02
4.020000000000000000e+02
3.170000000000000000e+02
4.460000000000000000e+02
3.440000000000000000e+02
3.750000000000000000e+02
4.870000000000000000e+02
4.250000000000000000e+02
3.730000000000000000e+02
3.810000000000000000e+02
3.550000000000000000e+02
3.590000000000000000e+02
4.310000000000000000e+02
3.320000000000000000e+02
4.040000000000000000e+02
3.540000000000000000e+02
3.650000000000000000e+02
3.230000000000000000e+02
4.870000000000000000e+02
4.480000000000000000e+02
4.170000000000000000e+02
3.410000000000000000e+02
3.850000000000000000e+02
3.830000000000000000e+02
3.750000000000000000e+02
3.780000000000000000e+02
3.570000000000000000e+02
3.310000000000000000e+02
3.950000000000000000e+02
3.450000000000000000e+02
4.270000000000000000e+02
3.550000000000000000e+02
3.800000000000000000e+02
5.000000000000000000e+02
